land_corp_share: 0.32746084864285385
land_prop_share: 0.618302877537483
